0.0
0.0
0.0
0.0
0.0
0.0
0.0
0.0
0.0
0.0
0.0
0.0
0.0
0.0
0.0
0.0
0.0
0.0
0.0
0.0
0.0
0.0
0.0
0.0
0.0
0.0
0.0
0.0
0.0
0.0
0.0
0.0
0.0
0.0
0.20299515127944043
0.5064939445138351
0.5018879821502291
0.6014258683957803
0.7029668432021747
0.70130115674852
0.705246665917387
0.6091223736567255
0.6102122514694427
0.5065657936924042
0.6082336990532139
0.6090151674455873
0.7075363862504712
0.5076351650395022
0.6099818152537494
0.6094720612006748
0.5082360870304757
0.7113993712741956
0.6028213524830912
0.6982984776516921
0.5027915454459599
0.609507098119649
0.6098369870557513
0.6094355671733873
0.40413914020940483
0.6096146959985348
0.6063781681610741
0.6027084423031804
0.5051379203767858
0.507871859813813
0.5065233481462431
0.6095117008848882
0.6097281819450685
0.49996032211361713
0.5025792574425276
0.502577609854536
0.5015761366219584
0.4999741986191581
0.5030057673297014
0.6030207892886458
0.5017960810457482
0.5006049277377717
0.604666849971557
0.5026140770499227
0.4058936944293303
0.4969778740702464
0.5581946509813299
0.5002576358052472
0.5041418100676252
0.6047634677720414
0.40335047988873735
0.3922173484604973
0.4940328344809997
0.4941860521424457
0.49446872434687295
0.5057344291122544
0.4055380455264006
0.606554837324287
0.405217114523398
0.5065415016045836
0.4961599791423044
0.3954156126531076
0.4051524989228326
0.6058837347789464
0.3912947280765479
0.5918486560964024
0.38944326641985694
0.5067599476809569
0.505701214649784
0.4056965738618237
0.5064325300348214
0.40462800048973324
0.49746601498175125
0.4051393242755041
0.5060629861520707
0.5066666259763255
0.4021524096397846
0.3971879785859508
0.39523887805985985
0.4053625770311274
0.4014996414452341
0.4050315156724996
0.39502635161784233
0.3971246816670118
0.49479328026114616
0.39639376881835825
0.40101531799391155
0.4051636646844807
0.2953372936173411
0.3954816976645
0.39566724349437016
0.48180131334385623
0.39406119384568966
0.40545349835375755
0.4052188272778551
0.40553588309416155
0.4057039610682488
0.3040802824291925
0.40550411774430195
0.40518123050355837
0.4055130642067696
0.4055344656510527
0.40403992537403466
0.4061007260631946
0.30454599171748686
0.40189510310252646
0.503923038187468
0.40602536125729916
0.507044973883294
0.20277040198340632
0.30334939177184267
0.4044074860614068
0.39777505581881806
0.5075824413951152
0.40546050637777326
0.40551701414330177
0.40578712095306213
0.5081587960903705
0.4035324038480169
0.30366633460401943
0.3981607692021166
0.30092783578057986
0.4055333461941737
0.40575113187989176
0.30445837232165224
0.4060933244009511
0.4015859829527082
0.5030733235548299
0.20140887834774443
0.40387070692964333
0.40532852975971756
0.3047903298322533
0.30466575566966997
0.30488746596961813
0.40189855178470185
0.29701681323240764
0.40136789516513505
0.3019848538403073
0.40233215633441705
0.30020774858762506
0.30161744353335923
0.40303226474681286
0.30479779988107186
0.30482251460320076
0.2917570998834269
0.29667091013004326
0.3915018685556922
0.20269842567366234
0.40547362543855753
0.40537665945782386
0.4054739957916654
0.30386755746733035
0.3042257575522076
0.40317608697185
0.2980816700996742
0.2955028617425337
0.40403052418338686
0.1973157173425734
0.3973203574734666
0.39663565636830195
0.3954526250439962
0.29808247361900975
0.30381598519854114
0.40508344001873664
0.40469913387054834
0.2982617351687113
0.30038444754154203
0.3037721816605589
0.30355415050605317
0.3040445118234112
0.30348931787801936
0.3967917253210734
0.39552730648564416
0.3973924515921046
0.2973317201919307
0.3954134840847505
0.2970706405831133
0.4036683081849261
0.3023843876520427
0.20254331913284238
0.3027900264201214
0.3019273590864966
0.30282860709985654
0.302297565925781
0.6039526187158619
0.3027450220653667
0.20073633638180313
0.30264215905369823
0.40292851215426995
0.4033689963689254
0.2974328239599294
0.2973658247092061
0.4055261866652843
0.2032551646567975
0.2015489503249192
0.4065108553219862
0.4064661250378862
0.40606954238476584
0.3047326623609012
0.3046152571553723
0.3048799915278561
0.40596026571158195
0.3048313908000711
0.4064124180097937
0.3048598763880328
0.3037399984226385
0.20202088804289992
0.30485689985147163
0.3047518632259709
0.4008756574750696
0.4052834640422054
0.30216442061908755
0.3047336173465717
0.5081054123958828
0.3048477946217303
0.3045385340061541
0.3039899711348783
0.4062532571105752
0.20298805442791576
0.4065603873135438
0.30473271693064063
0.4047549121382109
0.30474927992481876
0.30483543470987734
0.3049301316265163
0.4064578848323427
0.4041441032303184
0.20315016671806008
0.40526439738910014
0.2028119484856984
0.40546214470329645
0.3026838037508719
0.3041712666063948
0.30385633491412417
0.4053690588534086
0.20254886403751074
0.4007800047949035
0.30115685990886265
0.3010277319144671
0.4015832780466415
0.40642365332562275
0.30444761445892404
0.3025626039470164
0.304134686422346
0.3041443078033977
0.4055932335840423
0.30032990743029603
0.30421646639808037
0.4047096009020192
0.30289948070457146
0.3038441125337777
0.4055023301103686
0.30303788267511284
0.3011308176234011
0.39747080744489277
0.19822556472176214
0.2943349664350781
0.29357725608972296
0.39287356740496604
0.39340668912009435
0.20248767797962414
0.4047392403663237
0.40494895827942134
0.20066229262228147
0.4030607003686325
0.30085908445560056
0.2939297140082428
0.2990951684707328
0.3036690651580884
0.30166645676101617
0.3021703823317885
0.301738879930357
0.30396153626681727
0.4055320052748777
0.40496844500680285
0.20135010624000255
0.4033972524087045
0.30060827572514687
0.29822022112487834
0.4028207682928258
0.2015958945886801
0.20146815784827019
0.4035879367189125
0.302500354021856
0.3022560274371424
0.4013934611246089
0.19934498187968425
0.30237598471624216
0.30409839581065373
0.30149748182654484
0.3025848023468895
0.4047324016476861
0.3046786624880608
0.4065080067909999
0.0
0.3045969700778908
0.6019326555484574
0.30127391629805556
0.0
0.40680727212140205
0.5073645917777473
0.20222157853189646
0.2027456090707279
0.405245859292552
0.3038829080472976
0.30345875184679366
0.5023839869459674
0.30409375858202325
0.0
0.20038912731947434
0.3012247046819076
0.19976848953284812
0.40080105509082903
0.2006032281764375
0.3009173230110519
0.3012792947019514
0.30456270097278587
0.5071931173327514
0.3015123742513675
0.2007073629187835
0.4053356058753354
0.202398517888943
0.4062061916928415
0.2031513267913086
0.20328574053006573
0.4062874599147881
0.30321292928567317
0.4054544644087891
0.30490258591996383
0.20324085415772372
0.30464515975422307
0.30486116896942766
0.40560733607180394
0.40159066627152845
0.20274225348564814
0.20317910179774792
0.20325980983100433
0.4054032618269154
0.30164390275786007
0.20262091710856442
0.3044217260803166
0.3039821514690315
0.30366014513694234
0.4054523068947881
0.20243076701286825
0.4048032788421043
0.2001848257954623
0.4049210786151451
0.20214439612486568
0.40466059500740076
0.40316009148637466
0.20255656512549636
0.20215785016084156
0.30343342212244817
0.3039601396983404
0.3024019144188286
0.3024627947489897
0.30244067397352187
0.30344232582098873
0.30363846291134755
0.30418474478077173
0.4052837616555198
0.20249065568649843
0.40176873323653584
0.20157827872233258
0.3027977878674093
0.29950178504681607
0.0
0.30254246172685006
0.40289281370404156
0.4032708959282987
0.20149698555237622
0.4035295969055912
0.20152515525099257
0.40473411030340983
0.30393160184682755
0.3018685088070745
0.405582793299363
0.20250132635154697
0.2023053876139916
0.4031307624279328
0.20176775294218408
0.30231541383126026
0.4027531652133431
0.4047809836313368
0.30356863606322704
0.19714127443841992
0.40454724645293816
0.30401791042097714
0.3037384894368043
0.30379243674073203
0.20281082854178076
0.3041170155956827
0.20274385779107998
0.30390691980830487
0.30417596057250434
0.30372962256086317
0.3040544595011685
0.3968671988273194
0.30397164744391425
0.30389781696194934
0.39950484515239604
0.20240371982935307
0.5055454154331939
0.20275146299390787
0.29748187616905913
0.20043943219740598
0.20258149671654774
0.30295895543356083
0.4029375719255195
0.4031276666110811
0.30389011358938617
0.19840360780055993
0.3917214689669437
0.3025716837648808
0.29725642930827595
0.3951925594461786
0.3022507214755551
0.29611239801173306
0.19749460443391634
0.39204429613147684
0.19778944189015357
0.30376415027651354
0.30387090660414856
0.20150162428183263
0.3954566647806108
0.19966720852761816
0.4047424291748588
0.30409979666757886
0.2982271025516886
0.29776994385661654
0.29692958327310354
0.40099155218798915
0.29915310588495864
0.2936833290190719
0.20276767980294558
0.49941796994360316
0.3021905316856884
0.30459287494527265
0.2028287350403094
0.40578279079753576
0.29927164163870745
0.2999941471225112
0.2993874036050535
0.3012352893032085
0.4008590452945573
0.0
0.30078046684629867
0.30418899811353317
0.2003593437884403
0.20067036363219487
0.4002854250943359
0.40107541442299893
0.19917394886545928
0.5015371788652515
0.2001093351251367
0.4015081199786042
0.3915782638587976
0.2027608927891046
0.3039915942480326
0.304240246842544
0.20316966945094073
0.20084620567295758
0.20055357181307523
0.4004887412228036
0.5075941248530818
0.20168014582996513
0.30397226281972783
0.40481806076013704
0.3048957875245549
0.20316113338508612
0.20326576834867843
0.40640994696905186
0.4054816768298029
0.3039183089310213
0.30046171173193137
0.4012267473578742
0.0
0.0
0.0
0.0
0.0
0.0
0.0
0.0
0.0
0.0
0.0
0.0
0.0
0.0
0.0
0.0
0.0
0.0
0.20260632388578356
0.0
0.40302468020845156
0.38125057247383504
0.4053933544402284
0.5065481059250617
0.40529903318540766
0.4035014658375121
0.40339046693321345
0.30216585438942173
0.4025042012907257
0.2987888247904418
0.3038793385687922
0.3040079078054722
0.30399343460504347
0.3041089085975659
0.3037058676679235
0.20256013559092242
0.4057024699004717
0.4055210406623881
0.30255175849117844
0.3022982312308512
0.40261059706258867
0.30273483075908053
0.30398645344081926
0.20265718712452876
0.403935213928863
0.5042475815613595
0.30258828767336143
0.30317574500776834
0.3020231759904067
0.2995751794353532
0.30394606614806385
0.3041696415712694
0.403506046437654
0.2958089027810671
0.3025528104271602
0.4034599063300741
0.3016695377013179
0.30155574516351835
0.39643067980554114
0.39152605417685765
0.3038385306520157
0.5080689833874928
0.20247340307093753
0.30412143311121076
0.40629337314458547
0.39921983714068476
0.20021652051576772
0.5067691685552511
0.2022792255059193
0.20169051011858768
0.6052847606680982
0.20268970785342608
0.5070517877503826
0.304672149846363
0.3048618456064581
0.3048154922789287
0.30433098813191845
0.3048733610361077
0.30489016693590215
0.20325733750521052
0.40548994996688875
0.3041619787802613
0.3033717568535144
0.20235443148782084
0.3041351333537635
0.3997035978293201
0.40596205738537006
0.30374691405144977
0.3041506257465744
0.5048776762307935
0.20261131336968133
0.3041507918552874
0.40570194598203424
0.505182908536747
0.4055965889316917
0.20289247793004012
0.20268445499111196
0.19996073900820582
0.4006959004281392
0.30032630609083805
0.4028112052365245
0.20073114875797027
0.5055467120722661
0.2009504109656565
0.4018877827655352
0.30502015504921287
0.5055214063238612
0.4053394799431092
0.20292638095805296
0.30211734029212955
0.2025272868302652
0.302337020910396
0.30336541413678
0.4045607513107996
0.2990589375932985
0.397914719445654
0.299723108535654
0.29933408785920584
0.40104273721954004
0.4022694123463436
0.30301445468073795
0.2976216918974774
0.20260152360062925
0.2987419833270268
0.2980801645955883
0.3975474721472239
0.3976953639618877
0.4048451115689881
0.39745046521370986
0.3017817630092679
0.3038429973477048
0.30386247511016945
0.4047485983570266
0.4032453092432686
0.30256581678963984
0.3029390360467766
0.30390262008730334
0.30393696095651174
0.3040905132055147
0.4055914451643036
0.4050553931936031
0.30317991315275
0.3041992905883699
0.4050773409792636
0.30403517741345804
0.3019680362574431
0.402536890951988
0.20232610166251286
0.3945058485252177
0.396225553652455
0.3037600775067067
0.30303860520748
0.4050313630378193
0.30360569108833346
0.3007336543695118
0.40196630738996625
0.3036866297691976
0.3028404724540496
0.40315449197260855
0.20152272494158988
0.4069162593331241
0.4053242817964674
0.20277014023291895
0.30487909631860804
0.3047981365427915
0.4065138495616993
0.20313688137312808
0.30504412206946663
0.5081993610423674
0.20175970305596436
0.203219915990422
0.40613430545514123
0.30486027083790074
0.20323171340306895
0.40606214185918654
0.2032045629976369
0.4062903013157498
0.5081160932970578
0.304863302054048
0.0
0.40634734789663995
0.4064838039732787
0.406498943550572
0.20323486069220909
0.2032685018970147
0.30493316423759875
0.30476545354770357
0.4062844649729731
0.20322774504863986
0.4037891450035421
0.20324029181325945
0.20339714473648596
0.2030554854642479
0.4065313100838088
0.4064945941460487
0.2031240099487994
0.5080987623460048
0.20323478585185134
0.3048943793217137
0.304788140144913
0.3049027558819392
0.3048677989308664
0.40608427560232435
0.20325688836456182
0.3048920758491679
0.3041454795592307
0.3047447319723606
0.4064551139021167
0.3047524787341925
0.404246406196667
0.20227755640919207
0.3031949182319805
0.3024055627254271
0.3011052149537238
0.297936863380319
0.3968746960826539
0.2986268304816562
0.19826223958996814
0.3040276873646281
0.2027510160861509
0.39767011976300615
0.3943338058343026
0.2947439131176282
0.29663638165225
0.29794442728140985
0.30407542237175816
0.4055457974486588
0.2027923290862065
0.40532048444915086
0.19991256073806007
0.3039236132915692
0.3033007221596609
0.2025420916620408
0.4010584194077332
0.4056785845413631
0.2027689482655349
0.20290625351333386
0.4044450114677864
0.3037561163007761
0.30384405828182626
0.20262222193623003
0.4053736014788007
0.20259456278471988
0.30394193119447344
0.3034348709654423
0.20277140671556534
0.40550561147871567
0.20270010373257696
0.4036154855138066
0.30137914857523496
0.2971865712776269
0.29734957248951555
0.40499573680471684
0.4048756579264858
0.20281149929790185
0.3037185246363797
0.30387258271095124
0.3039024512357682
0.2026177526197827
0.4066512475606235
0.5072811285546881
0.20298816540671571
0.3048559440957109
0.20265666621710024
0.3045830040687765
0.3049140528295333
0.30485161444369496
0.5081299508106211
0.0
0.3030839728031955
0.3050202674307342
0.3047060525680435
0.20332281176485983
0.30490348733726425
0.30489685278722006
0.2031901463983574
0.40603754401814324
0.30491034374323495
0.30471042961550593
0.20281858783798998
0.40558905660193023
0.20278565319065808
0.405380236554937
0.20254599913228294
0.40559398279124675
0.20270744406450017
0.40547772355415757
0.20218012539896094
0.2027180289202038
0.3024611341610606
0.3041686931417007
0.3041575600867712
0.30458109599644195
0.30491253215297515
0.3048883673002792
0.2027542592257754
0.30403824958998343
0.40528800876947285
0.40495729000239405
0.30472474684271483
0.20324542382965183
0.2010303829309925
0.30180323737024817
0.4019581022440036
0.0
0.6009404534378684
0.20108031136025775
0.20098791716270123
0.40640021273976756
0.3010091039387161
0.3042090792017361
0.3039784650199296
0.3040934778155693
0.40543590489701387
0.405386199853439
0.202740761924164
0.20269205573794663
0.3040703904143523
0.40556944163470954
0.30428765263372604
0.3040001415272529
0.20277618283724796
0.404902491632399
0.30368328167551445
0.30413742842419184
0.20207293945447474
0.40305767723077346
0.3022793353143321
0.2972192004841153
0.2913728150734665
0.29683968893541113
0.2967732182582848
0.2965579338025452
0.4950596716031754
0.29659978472257387
0.2952383462575275
0.49580589089409655
0.19792367321758958
0.29626371448615996
0.2978374497157057
0.2994456153064829
0.29841644012147855
0.1975429351116885
0.30040965082773413
0.2985471140421029
0.2966882061204769
0.2857917398574511
0.39735951732462094
0.3037024649486404
0.3021517795863188
0.3036110958902757
0.3941732497925481
0.1985614488216801
0.19669772856783027
0.3946370096739889
0.4018756262947976
0.20117730733202013
0.3043463311426303
0.30383987185277267
0.2024834033274376
0.3041938648218185
0.4054637105852657
0.20087521923672047
0.3009490793763682
0.3006119900406923
0.4018412844862359
0.300943931559481
0.40116208186800223
0.4058078053655087
0.0
0.3040484232103647
0.30119563264811916
0.20049941995581394
0.49826733183905014
0.200908378260578
0.2003925509860869
0.3012039138286865
0.3008052462645491
0.3007776787156857
0.20090446256124223
0.30102564920619784
0.301582796337652
0.29729532372960504
0.4015894974068901
0.30033208653513355
0.3005443147964518
